0,0.002923,-0.0005886,0.0002314,0.0001629,-0.0001998,0.000259,0.0006065,-4.52e-06,-0.006969,0.01103,0.0005144,0.001041,0.0002782,0.0007707,-0.000197,0.001011,0.0
1,0.003081,-0.000704,0.0002629,0.000171,-0.000169,0.0002502,0.0006171,-7.73e-06,-0.007243,0.01118,0.0005139,0.001036,0.000262,0.0007941,-0.0001853,0.0009984,0.0
2,0.003377,-0.0009182,0.0002283,0.0001905,-0.000182,0.0002596,0.0006315,-1.639e-05,-0.00724,0.01132,0.0005026,0.001078,0.0002767,0.0007812,-0.0002021,0.001011,0.0
3,0.003509,-0.0009894,0.0001508,0.0002126,-0.0001881,0.0002693,0.0006471,-9.059e-06,-0.007606,0.01161,0.000477,0.00109,0.0003035,0.0007476,-0.0002463,0.001027,0.0
4,0.003203,-0.0009479,0.0001104,0.0002193,-0.0001853,0.0002923,0.0006155,6.801e-06,-0.00778,0.01174,0.0004756,0.001094,0.0002642,0.0007724,-0.0002153,0.001013,0.0
5,0.003306,-0.0009529,0.0001377,0.0002196,-0.0002229,0.0003101,0.0006407,-1.242e-06,-0.008106,0.01172,0.0004856,0.001094,0.0002809,0.0007658,-0.0001952,0.0009887,0.0
6,0.003527,-0.000991,0.0001904,0.0001849,-0.0002027,0.0003261,0.0006013,7.169e-06,-0.008169,0.01177,0.0004578,0.001095,0.0002806,0.0007538,-0.0002015,0.001007,0.0
7,0.003551,-0.0009224,0.0001247,0.0002186,-0.0001966,0.0003047,0.0005892,-2.967e-06,-0.00812,0.01174,0.000428,0.00107,0.0002354,0.0007873,-0.0001965,0.001004,0.0
8,0.003732,-0.0008579,9.966e-05,0.000217,-0.0001428,0.0002943,0.0005434,-1.31e-06,-0.008383,0.01187,0.0003834,0.001083,0.000271,0.000769,-0.0001916,0.001019,0.0
9,0.003962,-0.0009506,0.000162,0.0002008,-0.0001931,0.000319,0.000546,1.297e-06,-0.008353,0.01201,0.0004187,0.001066,0.0002747,0.0007633,-0.0001807,0.0009946,0.0
10,0.004276,-0.001012,0.0001612,0.0001897,-0.0001705,0.0003096,0.0005426,3.622e-06,-0.008305,0.012,0.0004553,0.001062,0.000268,0.0007464,-0.0001818,0.0009969,0.0
11,0.004273,-0.0009498,0.0001464,0.0002099,-0.0001351,0.0002972,0.0004694,2.934e-05,-0.008479,0.01233,0.000432,0.00108,0.0002876,0.0007363,-0.0001384,0.0009967,0.0
12,0.004125,-0.0008878,0.0001994,0.0002044,-0.00015,0.0003074,0.0004205,3.391e-05,-0.008235,0.01226,0.000386,0.001103,0.0002666,0.0007572,-0.0001676,0.001015,0.0
13,0.004234,-0.001056,0.0001952,0.0001872,-9.335e-05,0.000293,0.000347,6.479e-05,-0.008518,0.01236,0.000288,0.001146,0.0003003,0.0007608,-0.0001368,0.0009926,0.0
14,0.004133,-0.001113,0.0001603,0.00019,-6.077e-05,0.0002934,0.0003556,7.562e-05,-0.008663,0.01233,0.000303,0.001157,0.0003079,0.0007494,-0.0001245,0.001005,0.0
15,0.004532,-0.001267,0.0001894,0.0001734,-4.386e-05,0.0003042,0.0002849,0.0001078,-0.008967,0.01243,0.0002764,0.001163,0.0002815,0.0007803,-0.0001532,0.001014,0.0
16,0.004158,-0.001105,0.0002273,0.0001413,-4.926e-05,0.0003098,0.0002671,0.0001134,-0.0091,0.01252,0.0003538,0.001117,0.0002789,0.0007977,-0.000171,0.001017,0.0
17,0.004285,-0.001113,0.00021,0.000137,-3.839e-05,0.0003159,0.0002312,0.0001376,-0.008989,0.01245,0.0003218,0.001092,0.0002071,0.0008132,-0.0001755,0.001026,0.0
18,0.004483,-0.001092,0.0002241,0.0001283,-1.098e-05,0.0003014,0.0001676,0.000147,-0.008938,0.01253,0.0003249,0.001067,0.0002085,0.0007972,-0.0002498,0.00107,0.0
19,0.004468,-0.0009392,0.0002164,0.000124,-4.414e-05,0.0003243,0.0001854,0.0001351,-0.008797,0.01253,0.0003243,0.001077,0.0001865,0.0007999,-0.0003053,0.001126,0.0
20,0.004739,-0.0009891,0.0001928,0.0001059,-6.564e-05,0.0003199,0.0001462,0.0001388,-0.0085,0.01236,0.0003271,0.001077,0.0001935,0.0008094,-0.0003486,0.001147,0.0
21,0.004523,-0.000934,0.0002146,0.0001058,-6.962e-05,0.000326,0.0001367,0.0001308,-0.008322,0.01209,0.0003824,0.001038,0.0001907,0.0008021,-0.0003499,0.001135,0.0
22,0.004885,-0.001029,0.0002521,9.115e-05,-8.119e-05,0.0003299,0.0001629,0.0001127,-0.00776,0.01176,0.0003351,0.001065,0.0002153,0.0007954,-0.0003602,0.001139,0.0
23,0.004871,-0.001024,0.0002505,8.799e-05,-5.046e-05,0.0003071,0.0002133,9.035e-05,-0.008096,0.01199,0.0003328,0.001048,0.0002254,0.0008292,-0.0003406,0.00113,0.0
24,0.004349,-0.0008216,0.0002811,8.546e-05,-8.049e-05,0.0003185,0.0001818,9.627e-05,-0.008044,0.01204,0.0003795,0.001005,0.0001919,0.0008418,-0.0002919,0.001093,0.0
25,0.00402,-0.000854,0.0003149,7.804e-05,-0.0001072,0.0003126,0.0001627,0.0001067,-0.008194,0.01212,0.0003713,0.001011,0.000148,0.0008404,-0.0002952,0.001079,0.0
26,0.004148,-0.000827,0.0003037,7.371e-05,-0.0001004,0.0003284,0.000173,0.000103,-0.007972,0.01199,0.0004164,0.0009922,0.0001451,0.0008448,-0.0003011,0.001074,0.0
27,0.004166,-0.0008614,0.000225,7.501e-05,-0.0001216,0.0003176,0.0001533,0.0001059,-0.008191,0.01196,0.0004746,0.0009521,9.874e-05,0.0008515,-0.0003343,0.001081,0.0
28,0.004302,-0.0009019,0.0002629,7.141e-05,-0.0001709,0.0003313,0.0001565,0.0001076,-0.007792,0.01174,0.0005014,0.0009549,9.722e-05,0.000861,-0.0003355,0.001104,0.0
29,0.004195,-0.0008609,0.0002495,7.946e-05,-0.0001793,0.0003211,0.0001422,0.0001126,-0.00745,0.01164,0.0004457,0.0009727,5.883e-05,0.0008779,-0.0003047,0.001069,0.0
30,0.004344,-0.0008887,0.0002283,7.272e-05,-0.0001768,0.0003053,0.0001286,0.0001235,-0.007486,0.01154,0.0005288,0.00093,4.749e-05,0.0008907,-0.0003169,0.001069,0.0
31,0.004089,-0.0007289,0.0002348,6.506e-05,-0.0002284,0.0003155,0.0001537,0.0001214,-0.00748,0.01167,0.0005522,0.0009375,3.873e-05,0.0008898,-0.0003741,0.001098,0.0
32,0.003836,-0.0005887,0.0003013,5.699e-05,-0.000226,0.0003276,0.0001255,0.0001298,-0.007542,0.01187,0.000607,0.0009075,-4.359e-06,0.000911,-0.0003991,0.001077,0.0
33,0.003949,-0.0006053,0.0002761,7.436e-05,-0.0002087,0.0003253,0.0001871,7.955e-05,-0.007158,0.01176,0.0006905,0.0008526,-1.129e-05,0.0009417,-0.0004089,0.001093,0.0
34,0.004011,-0.0006684,0.0002986,7.686e-05,-0.0002056,0.0003186,0.0001847,7.081e-05,-0.006799,0.01149,0.0007191,0.0008412,-3.714e-05,0.0009488,-0.0004282,0.001082,0.0
35,0.003653,-0.00048,0.0003193,6.936e-05,-0.0002134,0.0003129,0.0002069,6.138e-05,-0.006732,0.01143,0.000695,0.0008409,-3.189e-05,0.000945,-0.0004386,0.001092,0.0
36,0.003759,-0.0006645,0.0002616,8.941e-05,-0.0001882,0.0003398,0.0002058,7.365e-05,-0.006418,0.01118,0.0006195,0.0008896,-1.177e-05,0.000932,-0.0003184,0.001019,0.0
37,0.003775,-0.0005793,0.000314,6.809e-05,-0.0001637,0.0003354,0.0002126,8.686e-05,-0.006032,0.01103,0.0006003,0.0008923,-2.38e-05,0.0009451,-0.0002765,0.0009791,0.0
38,0.003767,-0.0007713,0.0002543,8.252e-05,-0.0001822,0.000332,0.0002763,6.183e-05,-0.006071,0.0111,0.0005728,0.0009231,3.485e-05,0.0009005,-0.0002337,0.0009481,0.0
39,0.003325,-0.0007247,0.0002224,7.81e-05,-0.0001578,0.0003159,0.0003529,4.483e-05,-0.005858,0.01115,0.0005661,0.0009291,4.446e-05,0.0008977,-0.0002191,0.0009288,0.0
40,0.002639,-0.0004628,0.0001501,0.0001033,-0.0001496,0.0003117,0.0004082,3.674e-05,-0.005869,0.01106,0.0005766,0.0009262,4.411e-05,0.0008842,-0.0002333,0.0009437,0.0
41,0.002731,-0.000576,0.0001254,0.0001165,-7.387e-05,0.0002596,0.0004341,3.545e-05,-0.006085,0.0111,0.0005877,0.0008913,-7.05e-06,0.0008877,-0.0002255,0.0009301,0.0
42,0.00288,-0.0005073,0.0001375,0.000105,-7.764e-05,0.0002333,0.0004078,5.227e-05,-0.00629,0.01126,0.0005719,0.000885,-8.692e-06,0.0008772,-0.0002451,0.0009393,0.0
43,0.002992,-0.0004898,0.0001317,0.000117,-0.0001131,0.0002384,0.0004368,4.205e-05,-0.006387,0.01116,0.0005164,0.0009047,2.417e-06,0.0008804,-0.0002757,0.0009571,0.0
44,0.002876,-0.0004356,0.0001391,0.0001161,-0.0001476,0.0002496,0.0005086,1.402e-05,-0.006316,0.01112,0.0005603,0.0008778,1.28e-05,0.0008793,-0.0002759,0.000973,0.0
45,0.002724,-0.0004167,0.0001206,0.0001285,-0.0001665,0.0002527,0.0005561,-6.606e-06,-0.006225,0.01121,0.000541,0.000913,-9.711e-06,0.0008617,-0.0002571,0.000955,0.0
46,0.002912,-0.0003685,5.054e-05,0.0001694,-0.0001104,0.0002411,0.0005714,-2.005e-05,-0.006235,0.01121,0.0005199,0.0009166,-5.868e-05,0.0008837,-0.0002093,0.0009141,0.0
47,0.002876,-0.0003501,-1.524e-05,0.0001974,-8.718e-05,0.0002539,0.0005686,-1.887e-05,-0.006357,0.01118,0.0004558,0.0009432,-9.193e-05,0.0009065,-0.0002101,0.0009224,0.0
48,0.00303,-0.0004994,-5.4e-05,0.0002128,-4.51e-05,0.0002502,0.0006033,-3.003e-05,-0.006149,0.01105,0.000456,0.000945,-5.334e-05,0.0008587,-0.0001511,0.0008901,0.0
49,0.003005,-0.0005332,-6.591e-05,0.0002207,-2.863e-05,0.0002457,0.0006163,-2.949e-05,-0.006128,0.01107,0.0004318,0.0009492,-0.0001323,0.0008997,-0.0001375,0.0008849,0.0
50,0.002875,-0.0005777,-9.089e-05,0.0002193,9.263e-06,0.0002311,0.0006798,-3.822e-05,-0.005794,0.01097,0.000346,0.001002,-9.347e-05,0.0008787,-8.604e-05,0.0008611,0.0
51,0.003074,-0.0005798,-0.0001312,0.0002015,6.36e-05,0.0002192,0.0007328,-5.373e-05,-0.005787,0.0109,0.0003335,0.001019,-5.628e-05,0.0008681,-2.605e-05,0.000843,0.0
52,0.003569,-0.0008505,-0.0001739,0.0002082,2.861e-05,0.0002096,0.0006996,-1.834e-05,-0.005693,0.01083,0.0003299,0.001042,-4.903e-05,0.0008519,-3.982e-05,0.0008669,0.0
53,0.003609,-0.0008349,-0.0001657,0.0002054,5.999e-06,0.0002382,0.0007104,-1.764e-05,-0.005548,0.01067,0.0003938,0.001016,-9.054e-06,0.0008185,-3.693e-05,0.0008987,0.0
54,0.003978,-0.0008316,-0.0001196,0.0001932,2.033e-05,0.0002311,0.0007727,-2.428e-05,-0.005122,0.01033,0.0003425,0.001026,7.469e-06,0.000812,-6.36e-05,0.0009192,0.0
55,0.004109,-0.0008303,-4.197e-05,0.000163,2.317e-05,0.0002291,0.0007482,-1.794e-05,-0.004785,0.01027,0.0003262,0.001039,2.261e-05,0.0008062,-6.569e-05,0.0009245,0.0
56,0.003962,-0.0006552,-7.607e-05,0.0001769,-2.801e-05,0.0002471,0.0007757,-3.791e-05,-0.005021,0.01047,0.0003319,0.001045,1.672e-05,0.0007939,-7.861e-05,0.0009324,0.0
57,0.004013,-0.0006559,-3.073e-05,0.0001677,1.576e-05,0.0002366,0.0007781,-4.775e-05,-0.005078,0.01048,0.0003194,0.001069,1.007e-05,0.0007897,-0.000149,0.0009926,0.0
58,0.004003,-0.0007059,-2.582e-05,0.0001763,7.044e-06,0.0002299,0.0007823,-5.551e-05,-0.005435,0.01086,0.0003425,0.001021,2.487e-05,0.0007931,-0.0001045,0.0009619,0.0
59,0.003905,-0.000624,-1.261e-05,0.0001709,2.363e-05,0.0002269,0.0008746,-8.904e-05,-0.005894,0.01081,0.0003726,0.001005,4.101e-05,0.0007901,-7.938e-05,0.0009554,0.0
60,0.004011,-0.0008257,-3.827e-05,0.0001759,-1.493e-05,0.0002355,0.00089,-7.52e-05,-0.00573,0.01084,0.0003448,0.001013,4.018e-05,0.0007798,-9.602e-05,0.0009493,0.0
61,0.00419,-0.0008357,-2.614e-05,0.000163,-3.142e-05,0.0002236,0.0009298,-8.693e-05,-0.005395,0.01063,0.0003177,0.001035,-1.154e-05,0.0007891,-6.698e-05,0.0009366,0.0
62,0.004381,-0.0008557,-2.085e-05,0.0001675,-4.798e-05,0.0002269,0.0009312,-8.116e-05,-0.005251,0.01046,0.0003046,0.001021,-5.307e-06,0.0007935,-6.222e-05,0.0009389,0.0
63,0.004584,-0.0009231,-2.899e-05,0.0001575,-8.131e-05,0.0002426,0.0008848,-5.917e-05,-0.005151,0.01029,0.0003579,0.001001,-3.905e-05,0.0007969,-6.624e-05,0.0009052,0.0
64,0.004901,-0.001087,-1.94e-05,0.0001591,-0.0001182,0.0002646,0.0008524,-4.304e-05,-0.005046,0.009957,0.0003761,0.001007,-4.563e-05,0.000795,-4.95e-05,0.0008913,0.0
65,0.005018,-0.001027,-1.133e-05,0.000159,-8.846e-05,0.0002393,0.0008394,-5.051e-05,-0.00529,0.009828,0.0003767,0.0009745,-6.029e-05,0.0007926,-8.084e-05,0.000928,0.0
66,0.004924,-0.001039,1.629e-06,0.0001531,-9.803e-05,0.0002205,0.000905,-6.062e-05,-0.005525,0.01002,0.0003925,0.0009579,-5.433e-06,0.0007547,-0.000111,0.0009563,0.0
67,0.005193,-0.001044,-1.369e-05,0.000161,-8.402e-05,0.0002097,0.0008514,-5.603e-05,-0.00561,0.01001,0.0003948,0.0009667,-5.589e-06,0.0007562,-8.814e-05,0.0009347,0.0
68,0.004678,-0.0009056,6.094e-05,0.0001428,-0.0001033,0.0002111,0.0007994,-5.25e-05,-0.005518,0.009726,0.0003848,0.0009832,1.724e-05,0.000744,-0.0001604,0.001011,0.0
69,0.005043,-0.0009498,4.344e-05,0.0001734,-0.0001397,0.0002323,0.0008123,-6.672e-05,-0.005388,0.00951,0.0003418,0.001025,2.5e-05,0.0007336,-0.0001606,0.001026,0.0
70,0.005232,-0.001007,6.816e-05,0.0001795,-9.146e-05,0.0002286,0.0008078,-4.943e-05,-0.005556,0.009623,0.000317,0.00104,3.976e-05,0.0007104,-0.0001293,0.001013,0.0
71,0.004843,-0.0009372,0.0001059,0.0001817,-5.937e-05,0.0002257,0.0009038,-6.975e-05,-0.005432,0.009374,0.0003309,0.001021,6.654e-05,0.0007004,-0.0001357,0.001034,0.0
72,0.004993,-0.001008,0.0001409,0.0001707,-7.02e-05,0.0002319,0.0009093,-7.781e-05,-0.005417,0.009316,0.0002747,0.001046,5.852e-05,0.0007162,-0.0001305,0.001025,0.0
73,0.00513,-0.0009637,0.0001641,0.0001727,-7.132e-05,0.000239,0.0009483,-8.618e-05,-0.005435,0.009206,0.000152,0.001105,9.048e-05,0.0007095,-0.0001438,0.001021,0.0
74,0.005332,-0.001098,0.0001302,0.0001832,-0.0001462,0.0002499,0.0009503,-7.917e-05,-0.005454,0.009103,0.0001186,0.001146,3.42e-05,0.0007439,-0.0001617,0.001024,0.0
75,0.00564,-0.001232,0.0001229,0.0001707,-0.000155,0.0002344,0.0009553,-8.058e-05,-0.005401,0.009138,0.0001974,0.001109,4.636e-06,0.0007517,-0.0001926,0.001031,0.0
76,0.005551,-0.001149,0.0001425,0.0001627,-0.000156,0.0002272,0.0009456,-7.684e-05,-0.00557,0.009395,0.0002076,0.001105,1.547e-05,0.0007205,-0.0001739,0.0009901,0.0
77,0.005686,-0.001112,0.0001151,0.0001694,-0.0001866,0.0002302,0.0008736,-6.102e-05,-0.005791,0.009529,0.0001871,0.001094,-2.674e-05,0.0007574,-0.0001648,0.0009548,0.0
78,0.005945,-0.001049,0.0001531,0.000152,-0.0001681,0.0002382,0.0008357,-6.398e-05,-0.00576,0.009462,0.0001518,0.001114,1.073e-05,0.0007715,-0.0001212,0.0009157,0.0
79,0.005753,-0.0009748,0.0001912,0.0001302,-0.0002236,0.0002635,0.0008045,-6.418e-05,-0.006094,0.009542,0.0001457,0.001111,1.167e-05,0.0007771,-0.0001488,0.0009464,0.0
80,0.005552,-0.0008832,0.0001723,0.0001561,-0.0001807,0.0002762,0.0007365,-3.284e-05,-0.005904,0.009333,0.0001853,0.001117,4.989e-05,0.000748,-0.0001184,0.0009221,0.0
81,0.00541,-0.0009085,0.0001686,0.0001482,-0.0002141,0.0002969,0.0007785,-4.77e-05,-0.005828,0.009349,0.0002405,0.001087,4.837e-05,0.0007554,-0.0001524,0.0009359,0.0
82,0.004981,-0.0008292,0.000166,0.0001332,-0.0001522,0.0003012,0.0007391,-3.207e-05,-0.006133,0.00931,0.0002234,0.001115,4.868e-05,0.0007419,-8.891e-05,0.0008998,0.0
83,0.004885,-0.0008629,0.0001567,0.0001497,-0.0001983,0.0003307,0.000774,-3.527e-05,-0.00611,0.009262,0.000264,0.001115,2.962e-05,0.0007539,-0.0001573,0.0009175,0.0
84,0.004912,-0.0008753,0.0001937,0.0001372,-0.0002032,0.0003438,0.0007186,-1.01e-05,-0.005831,0.008921,0.0001996,0.001124,-2.916e-05,0.0008037,-0.0001709,0.0009207,0.0
85,0.004648,-0.0007892,0.0002252,0.0001184,-0.0002702,0.0003781,0.0007278,-1.017e-05,-0.005679,0.008615,0.0002323,0.001118,-2.56e-05,0.0007959,-0.0001722,0.0009317,0.0
86,0.00453,-0.0007739,0.0002425,0.0001163,-0.0002893,0.0003852,0.0007661,-1.069e-05,-0.005424,0.008498,0.0002176,0.001097,-3.911e-05,0.0008169,-0.0001822,0.0009572,0.0
87,0.004469,-0.0007206,0.0002415,0.0001223,-0.0002782,0.0003802,0.0007502,-6.914e-06,-0.005496,0.008697,0.0002246,0.001088,-7.991e-05,0.0008318,-0.0001629,0.0009675,0.0
88,0.004705,-0.0007829,0.0002626,0.0001113,-0.0002393,0.0003851,0.000723,-2.788e-05,-0.005608,0.008942,0.0002268,0.001086,-8.543e-05,0.0008326,-0.000193,0.001002,0.0
89,0.004892,-0.000777,0.0003204,8.978e-05,-0.0002393,0.000387,0.0006608,-8.746e-06,-0.005521,0.008884,0.000177,0.001134,-6.8e-05,0.0008416,-0.0001871,0.001002,0.0
90,0.004678,-0.0005794,0.0003491,9.221e-05,-0.0001951,0.0003622,0.0006829,-1.92e-05,-0.005469,0.009,0.0001946,0.001135,-5.581e-05,0.000863,-0.0001755,0.0009993,0.0
91,0.004633,-0.0005268,0.0003904,9.727e-05,-0.00016,0.0003689,0.0006992,-1.803e-05,-0.005685,0.009174,0.000185,0.001125,-6.668e-05,0.0008962,-0.0001632,0.0009926,0.0
92,0.004448,-0.0005157,0.0004198,0.0001048,-6.46e-05,0.0003396,0.0007464,-4.888e-05,-0.005644,0.009205,0.0001982,0.001131,-2.387e-05,0.0008808,-0.0002004,0.001013,0.0
93,0.004256,-0.0005243,0.0003935,0.0001235,-9.659e-05,0.00034,0.0007604,-5.036e-05,-0.005596,0.009402,0.0002109,0.001112,-5.404e-05,0.0009116,-0.0001656,0.001006,0.0
94,0.003827,-0.0003675,0.0003302,0.0001428,-7.825e-05,0.0003636,0.000746,-4.772e-05,-0.005723,0.009499,0.0001571,0.001144,-7.443e-05,0.0009137,-0.0001612,0.0009964,0.0
95,0.004104,-0.0004015,0.0002753,0.0001569,-2.418e-05,0.0003791,0.0008068,-5.544e-05,-0.005834,0.009562,0.0002022,0.001122,-9.352e-05,0.0009296,-0.0001794,0.001022,0.0
96,0.004055,-0.0004382,0.0002905,0.0001472,-2.895e-05,0.0003861,0.0008097,-6.25e-05,-0.005592,0.009595,0.0001829,0.001138,-0.000126,0.0009674,-0.0001733,0.001012,0.0
97,0.003734,-0.0002974,0.0002598,0.0001453,-4.367e-05,0.0003862,0.0008389,-6.824e-05,-0.005538,0.009713,0.0002288,0.001129,-0.0001261,0.0009779,-0.0001628,0.001004,0.0
98,0.00385,-0.0002506,0.0003254,0.0001137,-2.191e-05,0.0003716,0.0008649,-6.94e-05,-0.005596,0.009649,0.0002339,0.001107,-0.0001241,0.0009763,-0.0001001,0.0009793,0.0
99,0.004261,-0.0003081,0.0003285,0.0001218,-4.074e-05,0.0003668,0.0008571,-5.65e-05,-0.005832,0.009854,0.0002289,0.001103,-7.68e-05,0.000992,-8.767e-05,0.0009829,0.0
100,0.004437,-0.0003402,0.0002997,0.0001483,-1.507e-05,0.0003487,0.0008437,-5.905e-05,-0.005747,0.009981,0.000249,0.001097,-6.31e-05,0.0009821,-5.666e-05,0.0009647,0.0
101,0.004804,-0.0002672,0.0003641,0.0001328,-3.819e-06,0.0003581,0.0008984,-7.246e-05,-0.00588,0.01014,0.0002259,0.00111,-0.0001095,0.001002,-5.268e-05,0.0009532,0.0
102,0.004662,-0.0002353,0.0003863,0.0001577,-3.012e-05,0.0003636,0.0009202,-7.643e-05,-0.005881,0.01039,0.0002001,0.001144,-9.895e-05,0.001008,-6.711e-05,0.0009674,0.0
103,0.004605,-0.0002191,0.0004714,0.0001523,-3.181e-06,0.0003694,0.0009409,-9.846e-05,-0.005999,0.0105,0.0002369,0.001149,-0.0001044,0.0009986,-8.69e-05,0.0009962,0.0
104,0.004553,-0.0002183,0.0005074,0.0001421,-3.124e-05,0.0003667,0.0008932,-8.971e-05,-0.006407,0.01069,0.0002414,0.001145,-0.0001295,0.001027,-8.205e-05,0.001008,0.0
105,0.004301,-0.0001691,0.0004926,0.0001692,-1.602e-05,0.0003841,0.0008718,-7.276e-05,-0.006386,0.01066,0.0002211,0.001154,-0.000137,0.001034,-2.679e-05,0.0009876,0.0
106,0.004492,-0.0002994,0.0005046,0.000175,-1.875e-05,0.0004026,0.0009012,-7.785e-05,-0.006586,0.01057,0.0002531,0.00115,-0.0001058,0.00102,6.964e-06,0.0009746,0.0
107,0.004761,-0.0002934,0.000497,0.0001474,1.045e-05,0.0003927,0.0009395,-8.514e-05,-0.00652,0.01066,0.0002157,0.001159,-0.0001224,0.001048,7.401e-05,0.0009419,0.0
108,0.004321,-0.0001783,0.0005242,0.0001317,-6.836e-06,0.0003779,0.0009578,-8.908e-05,-0.006597,0.0108,0.0002091,0.001169,-0.0001135,0.001041,4.905e-05,0.0009348,0.0
109,0.004068,-3.044e-07,0.0005001,0.0001281,4.348e-05,0.0003712,0.0009342,-5.866e-05,-0.006976,0.0112,0.0001592,0.001188,-0.0001352,0.001046,3.383e-05,0.0009384,0.0
110,0.004098,0.0001461,0.0004951,0.0001213,1.448e-05,0.000374,0.0009497,-5.263e-05,-0.006611,0.01089,0.000168,0.001183,-0.0001564,0.00105,3.24e-05,0.0009409,0.0
111,0.004043,0.000251,0.0004988,0.0001279,-6.172e-05,0.0003991,0.0009507,-4.862e-05,-0.006549,0.01093,0.0001283,0.001214,-0.0001258,0.001039,-3.589e-05,0.000979,0.0
112,0.003925,0.0003484,0.0004926,0.0001333,-7.806e-05,0.000392,0.0009069,-6.677e-05,-0.006381,0.01085,9.911e-05,0.00126,-0.0001617,0.001048,-2.649e-05,0.001008,0.0
113,0.004019,0.0003208,0.0005318,0.0001436,-0.000132,0.0004167,0.0009267,-7.64e-05,-0.006377,0.01078,0.000113,0.001285,-0.0001508,0.001022,-5.91e-05,0.001045,0.0
114,0.003894,0.0003106,0.0004983,0.0001491,-5.146e-05,0.0004098,0.0009339,-8.751e-05,-0.006464,0.01075,9.206e-05,0.001308,-0.0001488,0.001011,-0.0001149,0.001034,0.0
115,0.003717,0.0003622,0.0005174,0.0001446,6.33e-06,0.0004052,0.0008878,-6.156e-05,-0.006594,0.01073,9.027e-05,0.001333,-0.0001817,0.001037,-0.0001258,0.001023,0.0
116,0.003688,0.0003237,0.0005026,0.0001675,-7.427e-06,0.0004135,0.0008544,-4.603e-05,-0.006679,0.01065,3.181e-05,0.00136,-0.000167,0.001023,-0.0001018,0.0009971,0.0
117,0.002982,0.0005215,0.000485,0.0001442,7.367e-05,0.0004167,0.0008551,-1.008e-05,-0.006818,0.01088,-1.289e-05,0.001382,-0.0001654,0.001015,-8.189e-05,0.001001,0.0
118,0.002909,0.0005614,0.000469,0.0001324,7.816e-05,0.0004263,0.0008656,-9.239e-06,-0.00651,0.01072,-3.07e-05,0.001407,-0.0002159,0.001024,-4.569e-05,0.0009816,0.0
119,0.002791,0.0005686,0.0003913,0.0001563,0.0001029,0.0004401,0.0008409,5.633e-06,-0.006485,0.01066,-0.0001383,0.001458,-0.0002417,0.001042,-8.674e-05,0.0009995,0.0
120,0.002606,0.0005315,0.0003968,0.0001568,6.023e-05,0.0004541,0.0008302,8.512e-06,-0.006557,0.01055,-0.0001077,0.001435,-0.0002509,0.001023,-9.134e-05,0.0009843,0.0
121,0.002771,0.0005136,0.0003503,0.0001697,5.673e-06,0.0004763,0.000829,2.122e-05,-0.006639,0.01061,-9.367e-05,0.001437,-0.0002262,0.0009998,-7.728e-05,0.0009764,0.0
122,0.002958,0.0005215,0.0003224,0.0001701,1.533e-05,0.0004702,0.0008406,1.158e-05,-0.006339,0.01039,-9.254e-05,0.001459,-0.0002808,0.001048,-0.0001052,0.0009909,0.0
123,0.002712,0.000682,0.0003347,0.0001549,-8.582e-06,0.0004649,0.0008445,2.295e-06,-0.006159,0.0102,-0.0001485,0.001486,-0.0002403,0.001008,-0.0001369,0.0009982,0.0
124,0.002497,0.0007241,0.0003658,0.0001467,-6.158e-05,0.0004604,0.0008224,5.442e-06,-0.005858,0.009989,-0.0001535,0.001515,-0.0002189,0.001028,-0.0001915,0.001016,0.0
125,0.00269,0.0008256,0.0004104,0.0001476,-6.816e-05,0.0004694,0.00078,2.76e-07,-0.006006,0.009892,-0.0001071,0.001499,-0.0002359,0.001042,-0.0002308,0.001007,0.0
126,0.00271,0.0008309,0.0004512,0.000121,-0.0001155,0.000502,0.0007723,1.465e-05,-0.006067,0.009895,-8.611e-05,0.001486,-0.0002384,0.001023,-0.0002622,0.0009938,0.0
127,0.002881,0.0007258,0.0004515,0.0001378,-9.208e-05,0.0004978,0.0007091,1.279e-05,-0.006003,0.01002,-0.000113,0.00149,-0.0002339,0.001024,-0.0002513,0.0009959,0.0
128,0.002597,0.0008155,0.0004685,0.00012,-9.137e-05,0.0005043,0.0007014,1.747e-05,-0.006109,0.009928,-0.0001537,0.001492,-0.0002523,0.001012,-0.0002292,0.001012,0.0
129,0.002422,0.0008385,0.000452,0.0001336,-1.227e-05,0.0004734,0.0006559,3.168e-05,-0.006082,0.009778,-0.00013,0.001486,-0.0002824,0.001026,-0.0002732,0.001006,0.0
130,0.002663,0.0007507,0.0004186,0.0001372,-7.453e-05,0.000481,0.0006485,2.462e-05,-0.005972,0.009619,-0.0001189,0.001472,-0.0002856,0.001051,-0.0002804,0.001031,0.0
131,0.002635,0.0005363,0.0003421,0.0001335,-0.0001532,0.0004927,0.0006167,3.357e-05,-0.006036,0.009627,-0.0001077,0.001438,-0.0002647,0.001068,-0.0002902,0.001012,0.0
132,0.002663,0.0005071,0.000335,0.0001474,-0.0001269,0.0004729,0.0006225,3.473e-05,-0.006051,0.009573,-0.0001018,0.001424,-0.0002263,0.00107,-0.0003509,0.001039,0.0
133,0.002727,0.0005137,0.0003096,0.000152,-0.000151,0.0004579,0.0006281,2.78e-05,-0.005718,0.009401,-0.0001224,0.001417,-0.0002217,0.001066,-0.0003761,0.001049,0.0
134,0.00249,0.0006413,0.0002869,0.0001419,-0.0001233,0.0004433,0.0005834,3.46e-05,-0.005578,0.009233,-0.000136,0.001416,-0.0001846,0.001047,-0.000391,0.001044,0.0
135,0.002455,0.0006912,0.0002553,0.0001425,-0.000187,0.0004383,0.000584,2.945e-05,-0.005464,0.009287,-0.0001066,0.001402,-0.0001722,0.001047,-0.0003987,0.001057,0.0
136,0.002445,0.0006332,0.0002705,0.0001367,-0.0002154,0.0004349,0.0005853,1.478e-05,-0.005511,0.009307,-5.185e-05,0.001369,-7.173e-05,0.0009801,-0.0003753,0.001044,0.0
137,0.002478,0.0005598,0.0003354,0.0001136,-0.0002705,0.0004425,0.0006017,-1.55e-06,-0.005657,0.009344,-3.488e-05,0.001367,-6.933e-05,0.0009686,-0.000378,0.001071,0.0
138,0.002565,0.0004821,0.000304,0.0001358,-0.0002795,0.0004418,0.0006473,-3.111e-05,-0.005741,0.009438,-7.336e-05,0.001368,-3.772e-05,0.0009628,-0.0003789,0.001069,0.0
139,0.002653,0.0003489,0.0003118,0.0001404,-0.000296,0.0004499,0.0006596,-5.953e-05,-0.005623,0.009479,-6.244e-05,0.001352,-1.928e-05,0.000933,-0.0003821,0.00108,0.0
140,0.002508,0.000218,0.0003126,0.0001124,-0.0003265,0.0004615,0.0006568,-5.493e-05,-0.005236,0.009209,-1.251e-05,0.001321,-2.813e-05,0.000921,-0.0003686,0.001088,0.0
141,0.002698,5.372e-05,0.0003055,9.592e-05,-0.0003769,0.0004548,0.0006632,-4.985e-05,-0.005317,0.009195,1.01e-05,0.001292,-1.254e-05,0.0009104,-0.0003753,0.001084,0.0
142,0.002719,-6.088e-05,0.000267,9.047e-05,-0.0004356,0.0004586,0.000696,-5.616e-05,-0.005105,0.009235,-5.846e-05,0.001311,2.149e-05,0.0008702,-0.0003736,0.001094,0.0
143,0.002999,-0.0002644,0.0002193,7.701e-05,-0.000476,0.0004626,0.0007185,-6.554e-05,-0.005033,0.009183,-3.321e-05,0.001273,2.368e-05,0.0008808,-0.0003963,0.001093,0.0
144,0.002851,-0.0003061,0.000227,7.551e-05,-0.0004504,0.0004251,0.0007241,-6.994e-05,-0.004909,0.009301,6.668e-06,0.00125,2.168e-05,0.0008782,-0.0003655,0.0011,0.0
145,0.002848,-0.00024,0.0001659,7.878e-05,-0.0004129,0.0003742,0.0007131,-6.705e-05,-0.004748,0.009397,3.89e-05,0.001216,8.056e-05,0.0008517,-0.0003557,0.001107,0.0
146,0.002719,-0.0002089,0.0001693,6.449e-05,-0.0004025,0.0003496,0.0006979,-6.978e-05,-0.004841,0.009613,0.0001189,0.001158,6.408e-05,0.0008633,-0.0003544,0.001126,0.0
147,0.002781,-0.0001615,0.0001792,5.069e-05,-0.0004374,0.0003479,0.0007128,-9.257e-05,-0.004826,0.009827,0.000124,0.001121,5.457e-05,0.00086,-0.0002775,0.001077,0.0
148,0.00248,-7.622e-05,0.0001919,6.86e-05,-0.000467,0.0003411,0.0006472,-8.109e-05,-0.005039,0.009991,0.000138,0.001084,0.0001223,0.0008393,-0.000324,0.001113,0.0
149,0.002263,-9.415e-06,0.0001436,8.932e-05,-0.000444,0.0003416,0.000662,-8.471e-05,-0.005115,0.0102,0.000215,0.001044,0.0001553,0.000802,-0.0002734,0.001102,0.0
150,0.002164,-6.103e-05,0.0001309,8.925e-05,-0.0004365,0.0003365,0.0006519,-8.738e-05,-0.005098,0.01028,0.0002115,0.001057,0.0001425,0.000795,-0.0002678,0.001107,0.0
151,0.002234,-0.0001445,0.0001004,9.606e-05,-0.0003643,0.0003204,0.000659,-9.194e-05,-0.005195,0.01058,0.0002014,0.001069,0.0001784,0.0008213,-0.0002237,0.001061,0.0
152,0.002417,-0.0003832,4.144e-05,0.0001044,-0.0003494,0.0003229,0.000635,-8.066e-05,-0.005487,0.01073,0.0002388,0.00106,0.0001751,0.0007995,-0.0002532,0.001057,0.0
153,0.002573,-0.0005438,3.179e-05,0.0001087,-0.0003465,0.0003395,0.0006744,-8.858e-05,-0.00595,0.01108,0.0002986,0.00101,0.0001713,0.0008152,-0.0002447,0.001071,0.0
154,0.002305,-0.0005971,7.582e-06,9.127e-05,-0.0002757,0.0003158,0.0007229,-8.174e-05,-0.005878,0.0111,0.0003025,0.001001,0.0001393,0.0008397,-0.0002379,0.001077,0.0
155,0.002313,-0.0005529,-9.894e-06,7.931e-05,-0.0002845,0.0003182,0.0006657,-5.099e-05,-0.006,0.01117,0.000344,0.0009955,0.0001184,0.0008343,-0.0002775,0.001095,0.0
156,0.002367,-0.0005483,-2.819e-05,7.23e-05,-0.0002429,0.0002872,0.0006361,-5.355e-05,-0.006202,0.01114,0.0004067,0.0009567,0.000128,0.000834,-0.0002892,0.001128,0.0
157,0.002613,-0.0006042,-5.359e-05,6.847e-05,-0.0002934,0.0002935,0.0005596,-1.6e-05,-0.005992,0.01083,0.0004747,0.0009368,7.82e-05,0.0008459,-0.0002862,0.001151,0.0
158,0.00297,-0.0006646,-1.28e-05,5.645e-05,-0.0002783,0.0002825,0.0005645,-2.577e-05,-0.006206,0.01114,0.0004874,0.0008859,0.0001045,0.0008436,-0.0002713,0.001161,0.0
159,0.003451,-0.000776,-2.432e-05,7.015e-05,-0.0002914,0.0002815,0.000554,-2.054e-05,-0.006277,0.01118,0.000544,0.0008641,0.0001274,0.0008173,-0.000237,0.001141,0.0
160,0.003715,-0.0008372,2.445e-05,7.576e-05,-0.0002704,0.000268,0.000501,-6.16e-06,-0.006299,0.0113,0.0005698,0.0008319,0.0001393,0.0008324,-0.0001983,0.0011,0.0
161,0.003332,-0.0008751,2.162e-06,8.618e-05,-0.000271,0.0002752,0.000443,1.544e-05,-0.006441,0.01154,0.0006161,0.000832,0.0001624,0.0008308,-0.0002084,0.001086,0.0
162,0.003181,-0.000993,1.116e-06,9.207e-05,-0.0002462,0.0002583,0.0004731,1.663e-06,-0.006676,0.0119,0.0005708,0.0008561,0.0001374,0.0008301,-0.0002005,0.001054,0.0
163,0.003373,-0.001152,1.027e-05,9.349e-05,-0.0002731,0.0002768,0.0004776,7.653e-06,-0.006508,0.0117,0.0005886,0.0008355,0.0001398,0.0008263,-0.0001666,0.001021,0.0
164,0.003312,-0.001094,2.254e-05,9.746e-05,-0.0002608,0.0002853,0.0004863,1.375e-06,-0.006592,0.01168,0.0005812,0.0007994,0.0001569,0.0008091,-0.0001247,0.0009821,0.0
165,0.003087,-0.001096,-3.394e-05,0.0001073,-0.0002954,0.0002958,0.0004689,8.123e-06,-0.006475,0.01149,0.000611,0.0007904,0.0001824,0.0007985,-0.0001264,0.0009577,0.0
166,0.003114,-0.001073,-8.926e-05,0.0001358,-0.0002566,0.0002769,0.0004381,3.54e-05,-0.00702,0.01184,0.000606,0.0007892,0.0001125,0.0008422,-9.603e-05,0.0009513,0.0
167,0.003533,-0.0013,-0.0001268,0.000138,-0.0002504,0.0002686,0.0003924,6.547e-05,-0.007432,0.01232,0.0006186,0.0007526,0.0001407,0.0008303,-0.0001016,0.0009556,0.0
168,0.00403,-0.001534,-0.0001493,0.0001365,-0.0002506,0.0002798,0.0003956,6.372e-05,-0.007276,0.01222,0.0005889,0.0007654,9.538e-05,0.0008512,-0.0001156,0.0009637,0.0
169,0.004084,-0.001466,-0.0001267,0.0001313,-0.0002883,0.0002798,0.0003876,7.763e-05,-0.007348,0.01213,0.0006786,0.0007331,6.619e-05,0.0008855,-0.0001056,0.0009477,0.0
170,0.004072,-0.001407,-0.0001162,0.0001472,-0.000249,0.0002661,0.0004021,7.765e-05,-0.007294,0.01203,0.0006754,0.0007375,3.582e-05,0.0009187,-3.675e-05,0.000893,0.0
171,0.004,-0.001187,-0.0001005,0.0001489,-0.000262,0.000259,0.0003839,8.113e-05,-0.00765,0.01186,0.0006661,0.0007394,5.77e-05,0.0008658,-3.457e-06,0.0008642,0.0
172,0.004022,-0.001225,-0.000112,0.00015,-0.0002219,0.0002462,0.0003372,8.219e-05,-0.007842,0.01194,0.0006614,0.000764,0.0001366,0.0008216,-1.577e-06,0.0008451,0.0
173,0.004238,-0.001273,-0.0001029,0.0001831,-0.0002322,0.0002562,0.0003518,7.315e-05,-0.007788,0.01197,0.0006957,0.0007358,0.0001282,0.0008361,3.3e-06,0.0008476,0.0
174,0.004322,-0.001229,-0.0001648,0.0002122,-0.0002562,0.0002668,0.0003585,7.968e-05,-0.007568,0.01176,0.0006334,0.0007814,0.0001217,0.0008183,-9.395e-06,0.0008773,0.0
175,0.004215,-0.001183,-0.0002,0.0002296,-0.0002242,0.0002609,0.0003979,7.575e-05,-0.007541,0.01168,0.0006128,0.0007996,0.0001236,0.0008264,-1.055e-05,0.0008664,0.0
176,0.004375,-0.001241,-0.0001563,0.0002377,-0.0002393,0.0002791,0.0004336,5.75e-05,-0.007264,0.01142,0.0005289,0.0008674,0.0001062,0.0008216,-2.827e-05,0.0008446,0.0
177,0.004436,-0.001228,-6.154e-05,0.0002158,-0.0002266,0.0002748,0.0004358,6.227e-05,-0.007219,0.01132,0.0005351,0.0008449,0.0001364,0.0007572,4.756e-05,0.000791,0.0
178,0.004698,-0.00121,2.626e-07,0.0001937,-0.000238,0.0002797,0.0004463,6.994e-05,-0.007241,0.01121,0.0005749,0.0008497,0.0001219,0.0007423,3.294e-05,0.000816,0.0
179,0.00493,-0.001101,4.136e-06,0.0001828,-0.0003013,0.0003003,0.0004203,7.982e-05,-0.007314,0.01134,0.0005664,0.0008489,0.0001263,0.000707,-6.292e-07,0.0008444,0.0
180,0.00494,-0.001106,5.751e-05,0.0001881,-0.0003386,0.0003009,0.0004075,9.406e-05,-0.007355,0.01129,0.0005538,0.0008514,7.14e-05,0.0007248,-2.347e-06,0.0008525,0.0
181,0.004881,-0.0009666,0.0001238,0.0001826,-0.0003681,0.0002842,0.0004434,7.952e-05,-0.007342,0.01118,0.0005091,0.0008883,4.917e-05,0.0007359,3.59e-05,0.0008318,0.0
182,0.004645,-0.0008551,0.000114,0.000187,-0.0004074,0.0002783,0.0004668,5.764e-05,-0.007364,0.01116,0.0004711,0.0009423,5.173e-05,0.0007405,3.817e-05,0.000806,0.0
183,0.004673,-0.0008765,0.0001179,0.0002024,-0.0004378,0.0002906,0.0004754,6.117e-05,-0.007556,0.01113,0.0005456,0.0008972,4.74e-05,0.0007332,4.237e-05,0.0008111,0.0
184,0.004667,-0.0008987,0.0001746,0.0001942,-0.0003931,0.0002914,0.0004831,7.082e-05,-0.007487,0.01111,0.0004574,0.0009712,3.913e-05,0.0007354,3.638e-05,0.0008215,0.0
185,0.004427,-0.0008351,0.000146,0.0002206,-0.0003968,0.0002885,0.0004884,7.418e-05,-0.006912,0.0108,0.0004047,0.0009935,7.265e-05,0.0007202,4.126e-05,0.000823,0.0
186,0.00414,-0.0007652,0.0001698,0.0002281,-0.0003986,0.000306,0.0004959,7.386e-05,-0.007,0.01099,0.0003665,0.001008,8.821e-05,0.0007079,3.247e-05,0.0008313,0.0
187,0.003989,-0.0007024,0.0001408,0.0002427,-0.0003543,0.000303,0.0005292,5.873e-05,-0.00718,0.01112,0.0003139,0.001029,0.0001597,0.0006669,5.632e-05,0.0008062,0.0
188,0.003812,-0.0005055,6.694e-05,0.0002917,-0.0003579,0.0003144,0.000563,4.432e-05,-0.007106,0.01111,0.0003107,0.001047,0.0002075,0.0006438,5.161e-05,0.0008383,0.0
189,0.003734,-0.000452,8.755e-05,0.0002883,-0.0003726,0.0003249,0.0006168,2.293e-05,-0.006764,0.01088,0.000369,0.001019,0.0001737,0.0006781,8.186e-05,0.0008422,0.0
190,0.004177,-0.0005021,0.000131,0.0002873,-0.0004311,0.0003465,0.0006192,2.392e-05,-0.006606,0.01073,0.0003425,0.001009,8.1e-05,0.0007098,8.046e-05,0.0008251,0.0
191,0.003985,-0.0003651,8.872e-05,0.000288,-0.0004376,0.0003501,0.0006053,4.364e-05,-0.006271,0.01069,0.0003422,0.001007,0.0001032,0.0007101,3.304e-05,0.000892,0.0
192,0.003981,-0.0002498,0.0001219,0.0002684,-0.0004614,0.0003658,0.0006725,1.029e-05,-0.006314,0.0107,0.0002766,0.001034,0.0001283,0.000697,3.459e-05,0.0008895,0.0
193,0.003816,-0.0001247,0.0002026,0.0002539,-0.0004652,0.0003553,0.0006439,9.239e-06,-0.006085,0.01071,0.0002745,0.001048,0.00012,0.0007031,7.183e-06,0.0008789,0.0
194,0.003741,-9.888e-05,0.000268,0.0002371,-0.0004932,0.0003674,0.0006275,2.689e-05,-0.006024,0.01076,0.0002483,0.001074,9.641e-05,0.0007224,-3.311e-05,0.0009165,0.0
195,0.003523,3.528e-05,0.0003375,0.0002368,-0.0004729,0.0003667,0.0007049,1.191e-05,-0.005772,0.01068,0.0002079,0.001098,0.0001229,0.0007107,-7.238e-06,0.0009243,0.0
196,0.003557,4.462e-05,0.0003619,0.0002253,-0.0004065,0.0003601,0.0007714,-1.907e-06,-0.005761,0.01064,0.0001713,0.001135,0.0001553,0.0006675,-1.504e-05,0.0009303,0.0
197,0.003477,0.000171,0.000363,0.0002392,-0.0004211,0.0003948,0.0007508,5.386e-06,-0.005978,0.01078,0.0001154,0.001182,0.0001429,0.0006854,-5.752e-07,0.0009278,0.0
198,0.002907,0.0003194,0.0003754,0.0002377,-0.0004008,0.0004179,0.0007907,8.515e-06,-0.005752,0.01078,0.0001192,0.00119,0.0001787,0.0006675,-1.023e-05,0.0009545,0.0
199,0.002767,0.0004095,0.0004599,0.0002251,-0.0004529,0.0004441,0.0007767,2.313e-05,-0.005552,0.01053,0.0001564,0.001209,0.0001873,0.0006697,-6.35e-06,0.0009539,0.0
200,0.00259,0.0005287,0.0004616,0.0002244,-0.0004345,0.0004423,0.0007731,4.593e-05,-0.005324,0.01038,0.0001698,0.001197,0.0002006,0.0006691,-7.116e-05,0.0009898,0.0
201,0.00234,0.0004854,0.0004907,0.0002062,-0.0004455,0.0004688,0.0008056,2.961e-05,-0.00527,0.01036,0.0001497,0.001216,0.0002062,0.0006776,-8.519e-05,0.001006,0.0
202,0.002267,0.0005251,0.0005598,0.0001852,-0.0003822,0.000459,0.0007971,2.767e-05,-0.005426,0.01051,0.0001125,0.001235,0.0001545,0.0006774,-8.374e-05,0.001014,0.0
203,0.002524,0.0004097,0.0005955,0.0001603,-0.0003766,0.0004523,0.0008063,3.826e-05,-0.005569,0.01053,8.129e-05,0.001222,0.0001789,0.0006718,-0.0001612,0.001071,0.0
204,0.002496,0.0004064,0.000593,0.0001609,-0.0003681,0.0004569,0.0008539,1.165e-05,-0.005462,0.01076,7.071e-05,0.001215,0.0001649,0.0006817,-0.0002463,0.001114,0.0
205,0.002647,0.0004478,0.0006276,0.0001373,-0.0003534,0.0004549,0.0008676,1.445e-06,-0.005421,0.01081,9.142e-05,0.001205,9.372e-05,0.0007249,-0.0002513,0.001108,0.0
206,0.002795,0.0004148,0.0005928,0.000161,-0.0003556,0.0004564,0.0008695,7.853e-06,-0.005632,0.01106,3.576e-05,0.001238,2.994e-05,0.0007674,-0.0002778,0.001113,0.0
207,0.002415,0.0004835,0.0005083,0.0001775,-0.000387,0.00046,0.000865,7.318e-06,-0.00565,0.01109,2.19e-05,0.001255,7.906e-05,0.0007562,-0.0002808,0.001106,0.0
208,0.002381,0.0003455,0.0004932,0.0001924,-0.0003598,0.0004673,0.0008737,2.239e-06,-0.005806,0.01114,1.588e-05,0.001248,8.426e-05,0.00074,-0.0002968,0.001099,0.0
209,0.002086,0.0004059,0.0005137,0.0001936,-0.0002953,0.000456,0.0009172,-7.448e-06,-0.005801,0.01127,-3.684e-07,0.001249,0.0001407,0.0007296,-0.0002667,0.001055,0.0
210,0.0015,0.000646,0.0005002,0.0001985,-0.0002517,0.0004594,0.0009882,-3.368e-05,-0.005681,0.01101,-1.473e-05,0.001264,0.0001821,0.0007369,-0.0002844,0.001077,0.0
211,0.001749,0.0006162,0.0005034,0.0001774,-0.0001919,0.0004324,0.0009587,-2.259e-05,-0.005695,0.01102,-9.423e-06,0.001245,0.0001108,0.0007945,-0.0002936,0.001111,0.0
212,0.00208,0.0005563,0.0004929,0.0001748,-0.0002228,0.0004382,0.0009675,-5.811e-06,-0.005831,0.01108,5.55e-05,0.001214,8.206e-05,0.0008311,-0.0002971,0.001118,0.0
213,0.002051,0.0005598,0.0004709,0.0001745,-0.0001743,0.000406,0.0009747,-2.638e-06,-0.005551,0.01113,0.0001285,0.001178,8.203e-05,0.0008112,-0.0003067,0.001123,0.0
214,0.002408,0.0005688,0.0004742,0.0001576,-0.0001002,0.0003819,0.0009439,-2.343e-06,-0.005877,0.0113,0.0001378,0.001161,0.0001026,0.0008297,-0.0002989,0.001116,0.0
215,0.002583,0.0005513,0.0004776,0.0001683,-8.999e-05,0.0003574,0.0009575,-3.067e-05,-0.005591,0.01112,0.0002642,0.001117,7.613e-05,0.0008449,-0.0003081,0.00113,0.0
216,0.002657,0.0005863,0.0005399,0.0001523,-8.287e-05,0.0003675,0.0009737,-3.94e-05,-0.00544,0.01093,0.0002458,0.001157,0.0001335,0.0008233,-0.0003099,0.001145,0.0
217,0.002915,0.0006543,0.0005601,0.000136,2.04e-05,0.000327,0.000921,-3.285e-05,-0.005892,0.01125,0.0002574,0.001156,0.0001749,0.0008308,-0.0003671,0.00118,0.0
218,0.002691,0.000722,0.0005745,0.0001152,2.715e-05,0.0003275,0.0008881,-3.006e-05,-0.006117,0.01139,0.0002256,0.001189,0.0001789,0.0008211,-0.0003414,0.001151,0.0
219,0.002873,0.0006504,0.0005818,0.0001117,6.154e-05,0.0003253,0.0008371,-1.087e-05,-0.006343,0.01151,0.0002225,0.00119,0.0001275,0.000847,-0.0003417,0.001132,0.0
220,0.003249,0.0006134,0.0006105,0.0001111,6.046e-05,0.0003253,0.0008564,-3.376e-05,-0.006644,0.01204,0.0002019,0.001232,0.0001576,0.0008435,-0.0003518,0.001144,0.0
221,0.003312,0.0005933,0.0006375,9.035e-05,0.0001049,0.0003012,0.000892,-4.758e-05,-0.006457,0.01201,0.0001652,0.001238,0.0001119,0.0008768,-0.0003529,0.001154,0.0
222,0.003281,0.0004987,0.0006147,0.0001131,0.0001264,0.0002937,0.000913,-4.844e-05,-0.006849,0.01234,0.0001723,0.001243,0.0001676,0.0008789,-0.000379,0.001134,0.0
223,0.003225,0.0005416,0.0005959,0.000125,0.0001393,0.0002739,0.0008435,-3.32e-05,-0.006749,0.01236,0.000186,0.001214,0.0001765,0.0008693,-0.0003465,0.001138,0.0
224,0.003268,0.0004762,0.0005948,0.0001264,0.0001044,0.0002754,0.000877,-3.192e-05,-0.006645,0.01222,0.0001559,0.001226,0.0001279,0.0008949,-0.0003074,0.001113,0.0
225,0.003172,0.0004884,0.000586,0.0001138,6.479e-05,0.0003026,0.0007878,-8.263e-06,-0.006971,0.01225,0.0002018,0.001198,9.087e-05,0.0009048,-0.0002957,0.001115,0.0
226,0.003527,0.0005028,0.0006449,9.781e-05,4.567e-05,0.0002954,0.0007457,-1.018e-05,-0.007167,0.01245,0.0002417,0.00117,0.0001219,0.0008926,-0.0002697,0.00111,0.0
227,0.003754,0.0005024,0.0006586,9.902e-05,9.278e-06,0.0002897,0.0007076,1.958e-06,-0.006574,0.01202,0.0002738,0.001136,0.0001079,0.0009102,-0.0002343,0.001096,0.0
228,0.003683,0.0005893,0.0006543,9.612e-05,3.645e-05,0.0002704,0.0006655,5.932e-06,-0.006632,0.01192,0.0002989,0.001122,0.0001069,0.00091,-0.000198,0.001081,0.0
229,0.003757,0.0006574,0.0006534,0.0001029,1.455e-05,0.0002638,0.0006499,-4.619e-06,-0.006418,0.01164,0.0003135,0.001125,0.0001383,0.0009298,-0.0002356,0.00109,0.0
230,0.003529,0.0007096,0.0006587,0.0001039,7.873e-05,0.0002242,0.0006699,-1.054e-05,-0.00615,0.0115,0.000302,0.001131,0.0001776,0.0009274,-0.0001649,0.001067,0.0
231,0.003596,0.0007242,0.0006726,9.877e-05,0.000122,0.0002321,0.0006403,6.539e-06,-0.006016,0.0114,0.0002841,0.001142,0.0002082,0.0009127,-0.0001953,0.001068,0.0
232,0.003424,0.0007233,0.0006975,8.504e-05,0.0001406,0.0002381,0.0005991,1.532e-05,-0.006245,0.01141,0.0002525,0.001166,0.000242,0.0009227,-0.0001939,0.00106,0.0
233,0.003382,0.0006922,0.0006454,0.0001001,0.0001305,0.0002468,0.0006219,7.419e-06,-0.006069,0.01134,0.000255,0.001152,0.0002428,0.000947,-0.0002052,0.001052,0.0
234,0.003256,0.0007661,0.0006257,8.49e-05,0.0001417,0.000244,0.0006651,5.114e-06,-0.006254,0.01168,0.0002612,0.001158,0.0002263,0.0009463,-0.000192,0.001039,0.0
235,0.003253,0.0008511,0.0006231,7.957e-05,0.0001348,0.0002373,0.0006475,1.596e-05,-0.006351,0.01173,0.0002079,0.001175,0.0002456,0.0009305,-0.0001601,0.001011,0.0
236,0.003376,0.000916,0.0005936,6.636e-05,0.0001528,0.0002256,0.0006849,1.652e-05,-0.006562,0.01182,0.0001689,0.001168,0.0002888,0.0008934,-0.0001625,0.001012,0.0
237,0.003583,0.0008296,0.0005773,6.816e-05,0.0001249,0.0002239,0.0006926,7.465e-06,-0.006474,0.01182,0.0001855,0.001168,0.0003074,0.0008716,-0.0001791,0.001039,0.0
238,0.003442,0.0009276,0.0006148,6.318e-05,0.0001519,0.0002123,0.0006986,2.293e-05,-0.006552,0.01183,0.0001438,0.001189,0.0003211,0.0008607,-0.0001043,0.001007,0.0
239,0.0038,0.0008299,0.0006057,7.01e-05,0.0002049,0.0001901,0.0007033,2.911e-05,-0.006706,0.01197,0.0001125,0.001163,0.0003277,0.0008412,-0.0001141,0.001028,0.0
240,0.003828,0.0007813,0.0006355,8.4e-05,0.0002053,0.0001847,0.0007284,8.768e-06,-0.00646,0.01169,6.416e-05,0.00116,0.000337,0.0008356,-0.0001494,0.001037,0.0
241,0.003522,0.0009023,0.000631,9.103e-05,0.0002383,0.0001793,0.000702,1.616e-05,-0.006397,0.01149,7.644e-05,0.001142,0.0003241,0.0008324,-0.0001309,0.001044,0.0
242,0.003587,0.0008476,0.0006451,8.743e-05,0.0002482,0.0001928,0.0007078,-1.322e-05,-0.006404,0.0115,8.906e-05,0.001134,0.0002988,0.0008264,-7.288e-05,0.001001,0.0
243,0.003463,0.0007839,0.0006126,9.869e-05,0.0002263,0.000211,0.0007092,-1.117e-05,-0.006249,0.0115,1.401e-05,0.001179,0.0002867,0.0008452,-2.514e-05,0.0009661,0.0
244,0.003527,0.0006728,0.000584,0.0001138,0.0002926,0.0001927,0.0007687,-1.705e-05,-0.006547,0.01168,-1.348e-05,0.001185,0.0002495,0.0008692,-4.147e-05,0.0009837,0.0
245,0.003705,0.0004287,0.0005701,9.065e-05,0.0002193,0.0002136,0.0007964,-2.602e-05,-0.006227,0.0112,-9.271e-05,0.001211,0.0002352,0.0008725,-7.011e-05,0.0009869,0.0
246,0.003476,0.0003318,0.0005474,9.186e-05,0.0002331,0.0002091,0.0007747,-1.451e-05,-0.005997,0.01111,-5.479e-05,0.001207,0.0002156,0.0008699,-2.832e-05,0.0009752,0.0
247,0.00339,0.0003369,0.0005044,9.662e-05,0.0001996,0.0002243,0.0007555,6.457e-07,-0.00514,0.01065,-4.827e-05,0.001204,0.0002327,0.0008574,3.098e-05,0.0009392,0.0
248,0.00345,0.0002717,0.0004321,9.544e-05,0.0001403,0.0002313,0.0007684,1.261e-05,-0.005334,0.01077,-1.993e-05,0.001171,0.0002309,0.0008475,-1.615e-05,0.0009577,0.0
249,0.003671,0.0002533,0.0004473,7.725e-05,0.0001186,0.00026,0.0007699,1.03e-05,-0.004976,0.01054,-6.235e-05,0.001161,0.0002253,0.0008151,-7.2e-05,0.00099,0.0
250,0.00359,0.0003792,0.0004838,7.376e-05,0.0001272,0.0002326,0.0007211,2.415e-05,-0.005322,0.01088,-6.395e-05,0.001179,0.0002332,0.0008129,-5.501e-05,0.0009796,0.0
251,0.003598,0.0004745,0.0004686,8.656e-05,8.604e-05,0.0002379,0.0006992,1.157e-05,-0.005342,0.01089,2.015e-05,0.001142,0.0002196,0.0007901,-7.514e-05,0.0009996,0.0
252,0.003853,0.0004463,0.0004442,7.385e-05,3.623e-05,0.0002369,0.0006951,2.186e-06,-0.004925,0.01067,2.785e-05,0.001162,0.0002293,0.0007715,-4.632e-05,0.0009975,0.0
253,0.003867,0.0003652,0.00038,9.525e-05,8.547e-05,0.0002287,0.0007273,-1.355e-05,-0.00502,0.01059,1.266e-05,0.001149,0.0001988,0.000768,-4.885e-05,0.001017,0.0
254,0.003846,0.0002361,0.00035,0.000124,6.764e-05,0.0002336,0.0006951,-8.805e-06,-0.005109,0.01066,-4.135e-05,0.001183,0.0001968,0.0007615,-4.356e-07,0.0009864,0.0
255,0.003615,0.0001265,0.0003489,9.981e-05,7.898e-05,0.0002448,0.0006711,-4.251e-06,-0.004981,0.01066,-8.202e-05,0.001214,0.0001881,0.0007505,2.275e-05,0.0009694,0.0
256,0.003409,9.969e-07,0.0002435,0.000126,4.203e-05,0.0002602,0.0006938,-1.113e-05,-0.004857,0.01046,-4.705e-05,0.001179,0.0001852,0.0007603,1.424e-05,0.0009739,0.0
257,0.003358,6.349e-07,0.0002676,9.832e-05,9.403e-05,0.0002367,0.000709,-1.559e-05,-0.004242,0.01004,-4.604e-05,0.001161,0.0001323,0.0008083,5.105e-05,0.000947,0.0
258,0.00359,-0.0001388,0.0002259,0.0001094,4.886e-05,0.0002531,0.0007169,-2.341e-05,-0.004202,0.009816,-6.687e-05,0.001202,5.772e-05,0.0008043,3.994e-05,0.000958,0.0
259,0.003954,-0.0003105,0.0002935,8.016e-05,6.383e-05,0.0002608,0.0007214,-2.382e-05,-0.004294,0.009943,-3.757e-05,0.001204,1.301e-05,0.0008477,-1.034e-05,0.0009972,0.0
260,0.00415,-0.0003363,0.0002972,8.319e-05,8.378e-05,0.000242,0.0006916,-2.188e-05,-0.004344,0.009906,-2.828e-05,0.001198,-1.867e-05,0.0008829,-6.303e-05,0.001024,0.0
261,0.00427,-0.0003517,0.000348,6.407e-05,9.458e-05,0.000221,0.0006825,-2.776e-05,-0.004138,0.009741,-3.285e-06,0.001176,-1.85e-05,0.0009002,-8.326e-05,0.00103,0.0
262,0.004088,-0.0002536,0.0003811,3.855e-05,8.486e-05,0.0002079,0.0006643,-2.454e-05,-0.004118,0.009939,-5.901e-05,0.001203,1.205e-05,0.0008702,-0.0001035,0.001044,0.0
263,0.004051,-0.0001294,0.0003311,5.644e-05,5.259e-05,0.000209,0.0006299,-1.528e-05,-0.004102,0.009739,-2.717e-05,0.001157,-1.887e-05,0.0008606,-6.926e-05,0.001024,0.0
264,0.003667,-7.891e-05,0.000376,3.789e-05,5.984e-05,0.0002089,0.0006347,-3.27e-05,-0.003919,0.009591,-4.16e-05,0.001181,-4.225e-05,0.0008872,-8.967e-05,0.001031,0.0
265,0.003399,1.748e-05,0.0004324,2.099e-05,7.174e-06,0.0002331,0.0006257,-4.967e-05,-0.004203,0.009815,-3.907e-05,0.001171,4.376e-06,0.0008598,-7.765e-05,0.001002,0.0
266,0.003468,-7.758e-05,0.0004302,1.137e-05,-9.988e-07,0.0002558,0.0005798,-2.811e-05,-0.004377,0.009806,-8.609e-06,0.001191,-6.462e-05,0.0008801,-0.0001405,0.001036,0.0
267,0.003186,-7.814e-05,0.0004136,1.321e-05,8.337e-05,0.0002326,0.0006126,-4.143e-05,-0.004553,0.0098,-9.417e-05,0.001247,-0.000103,0.0008812,-0.0001462,0.001034,0.0
268,0.003245,-9.189e-05,0.0004272,3.257e-06,5.819e-05,0.0002497,0.0006229,-3.866e-05,-0.004839,0.009993,-5.465e-05,0.001235,-0.0001362,0.0009196,-9.354e-05,0.001002,0.0
269,0.003025,2.244e-05,0.0004292,-8.273e-06,9.682e-06,0.0002653,0.0006029,-1.482e-05,-0.004889,0.009904,3.425e-05,0.001181,-0.0001095,0.000922,-0.000131,0.001015,0.0
270,0.003365,-8.302e-05,0.0003315,5.675e-06,1.887e-05,0.0002621,0.0005952,-1.814e-05,-0.005111,0.009941,4.409e-05,0.001155,-0.0001724,0.0009436,-0.0001231,0.001009,0.0
271,0.003395,-0.0001338,0.0003648,-1.467e-06,-9.29e-06,0.0002668,0.0004885,2.272e-05,-0.005096,0.01003,6.911e-05,0.001131,-0.0002116,0.0009835,-0.0001307,0.0009935,0.0
272,0.00339,-4.623e-05,0.0003758,-3.2e-06,1.803e-05,0.0002647,0.0005035,6.187e-06,-0.005254,0.01019,6.572e-05,0.00113,-0.000185,0.0009682,-0.0001801,0.001035,0.0
273,0.003533,-1.22e-05,0.0003819,-1.521e-05,1.625e-05,0.0002558,0.0004729,2.876e-05,-0.005388,0.01028,7.145e-05,0.001164,-0.0001815,0.0009512,-0.0001723,0.001032,0.0
274,0.003616,6.59e-05,0.0004115,2.209e-06,-7.569e-06,0.0002507,0.0004678,2.879e-05,-0.00555,0.01037,0.0001169,0.001127,-0.0001384,0.0009217,-0.0001905,0.001042,0.0
275,0.003886,2.323e-05,0.0004344,2.02e-06,1.475e-05,0.0002372,0.0004854,3.05e-05,-0.005801,0.01064,0.0001489,0.00113,-0.0001352,0.0009318,-0.0001499,0.00103,0.0
276,0.003961,-3.375e-05,0.0004909,-1.003e-06,2.057e-05,0.0002358,0.0004937,3.685e-05,-0.006038,0.01057,0.0001076,0.001157,-0.0001033,0.0009113,-0.0001335,0.00101,0.0
277,0.003836,6.091e-05,0.0005053,2.808e-05,6.049e-05,0.000235,0.0005334,4.412e-05,-0.006299,0.01068,0.000146,0.00114,-0.0001503,0.0009693,-0.0001472,0.001033,0.0
278,0.003679,6.148e-05,0.0005142,2.668e-05,3.493e-06,0.0002765,0.0005519,5.699e-05,-0.006351,0.01061,0.0001675,0.001143,-0.0001622,0.0009656,-0.0001575,0.00106,0.0
279,0.003455,3.914e-06,0.0005567,6.094e-06,2.618e-07,0.0002751,0.0006029,4.505e-05,-0.006501,0.01066,0.0001035,0.001184,-0.0001644,0.0009634,-0.0001276,0.001054,0.0
280,0.003714,-8.28e-05,0.0005907,6.414e-06,4.869e-05,0.0002622,0.0006579,4.598e-05,-0.006164,0.01052,7.282e-05,0.001217,-0.000128,0.000962,-9.855e-05,0.001056,0.0
281,0.003676,-7.155e-05,0.0005882,-5.167e-06,2.353e-05,0.0002685,0.0006494,5.06e-05,-0.00597,0.01043,5.571e-05,0.001211,-8.888e-05,0.0009676,-9.991e-05,0.001039,0.0
282,0.003624,-0.0001437,0.0005745,-9.567e-06,3.248e-05,0.0002768,0.0006514,3.706e-05,-0.006086,0.01044,8.1e-05,0.0012,-3.116e-05,0.0009441,-0.000131,0.001077,0.0
283,0.004006,-0.0002003,0.0006376,-2.927e-05,6.72e-06,0.0002916,0.0006608,2.433e-05,-0.005845,0.01025,0.0001038,0.001199,-4.885e-06,0.0009436,-0.0001049,0.001081,0.0
284,0.004644,-0.0002892,0.0006565,-4.132e-06,6.699e-05,0.0002706,0.0007288,8.344e-07,-0.00547,0.009912,0.000139,0.001166,-2.986e-05,0.000977,-1.585e-05,0.001044,0.0
285,0.005005,-0.0002888,0.0006961,5.479e-06,7.838e-06,0.0002712,0.0006738,2.123e-05,-0.005649,0.01009,0.00013,0.001154,-2.748e-05,0.0009751,-3.916e-06,0.001036,0.0
286,0.004656,-3.653e-05,0.0006799,3.466e-05,1.779e-05,0.0002631,0.0006996,8.744e-06,-0.005882,0.01026,0.0001661,0.001179,-1.074e-05,0.0009342,-1.146e-05,0.001045,0.0
287,0.004359,0.0001794,0.0006396,7.271e-05,1.893e-05,0.0002707,0.0006992,1.331e-05,-0.005548,0.01014,0.0001282,0.001221,-3.697e-06,0.0009161,-4.787e-05,0.001081,0.0
288,0.004727,1.501e-06,0.0006115,9.26e-05,6.563e-05,0.0002592,0.000688,1.704e-05,-0.005616,0.01023,0.0001356,0.001226,-3.648e-05,0.0009329,-5.426e-05,0.001085,0.0
289,0.004567,-6.379e-05,0.000534,0.0001522,0.000103,0.0002683,0.0007031,1.252e-05,-0.005333,0.009982,7.505e-05,0.001234,-5.077e-05,0.0009116,-6.184e-05,0.001075,0.0
290,0.004216,5.104e-06,0.0005038,0.0001761,6.282e-05,0.0002862,0.0007579,1.527e-05,-0.005479,0.01009,5.77e-05,0.001229,-3.961e-05,0.0008856,-9.649e-06,0.001052,0.0
291,0.004174,-0.0001139,0.0004961,0.0001817,4.333e-05,0.0002792,0.0007894,1.89e-05,-0.005737,0.01018,0.0001004,0.001184,-7.674e-05,0.0008963,5.371e-06,0.001053,0.0
292,0.004332,-0.0002517,0.0004404,0.0002005,2.65e-05,0.0002803,0.0007992,4.208e-05,-0.005515,0.01001,0.0002041,0.001095,-5.025e-05,0.0008747,1.672e-05,0.001073,0.0
293,0.004093,-0.000176,0.0003596,0.0002364,6.423e-05,0.0002669,0.0008278,2.872e-05,-0.005243,0.009699,0.0002751,0.001046,-8.561e-05,0.0008981,6.812e-05,0.001042,0.0
294,0.004126,-0.0002061,0.0002744,0.0002666,2.793e-05,0.0002683,0.0007685,7.227e-05,-0.005528,0.01005,0.0002713,0.001014,-0.0001135,0.0008932,0.0001103,0.001012,0.0
295,0.003872,-6.499e-05,0.0003138,0.0002539,-1.918e-05,0.0002685,0.0007614,6.272e-05,-0.005476,0.01003,0.0002535,0.001014,-0.0001419,0.0009148,0.0001087,0.001014,0.0
296,0.003801,2.515e-06,0.0002891,0.0002775,-1.561e-05,0.0002645,0.0007595,4.897e-05,-0.005719,0.01009,0.0002474,0.001005,-0.0001005,0.0008912,0.0001162,0.001034,0.0
297,0.003867,0.0001423,0.0002821,0.000282,-2.09e-05,0.0002694,0.000765,3.37e-05,-0.005881,0.01021,0.0003106,0.001009,-7.382e-05,0.0008773,0.0001221,0.001026,0.0
298,0.003901,0.0001551,0.0002646,0.0002911,-2.348e-05,0.0002647,0.0007259,3.1e-05,-0.006156,0.01013,0.0002492,0.001026,-4.907e-06,0.0008483,7.342e-05,0.001048,0.0
299,0.003949,0.0001103,0.0002463,0.0002966,-2.68e-05,0.0002689,0.0007114,3.873e-05,-0.006148,0.01016,0.0002118,0.001051,5.522e-05,0.0008218,3.146e-05,0.001052,0.0
300,0.00382,0.000241,0.0001998,0.0003193,2.766e-05,0.0002495,0.0007082,3.558e-05,-0.006705,0.01039,0.0001856,0.001063,8.237e-05,0.0008151,6.655e-05,0.001019,0.0
301,0.00353,0.0002721,0.0001786,0.0003224,4.139e-05,0.0002723,0.0007361,4.683e-05,-0.006591,0.01043,0.0001734,0.001058,7.86e-05,0.0008285,1.647e-05,0.001032,0.0
302,0.003232,0.0002461,0.0002254,0.0003047,-1.595e-05,0.0002725,0.0008065,3.35e-05,-0.007096,0.01075,0.0002341,0.001019,8.258e-05,0.0008556,-6.308e-06,0.001036,0.0
303,0.003173,0.0001586,0.0002299,0.0002896,3.524e-05,0.0002549,0.0008713,8.883e-06,-0.007339,0.01088,0.0002313,0.0009984,2.974e-05,0.0008845,4.341e-05,0.0009896,0.0
304,0.003132,4.944e-05,0.0001868,0.000296,-3.469e-05,0.0002685,0.0008253,4.278e-06,-0.007402,0.01067,0.0001746,0.001049,1.679e-06,0.0008839,4.016e-05,0.0009833,0.0
305,0.003259,1.573e-05,0.00017,0.0002913,-8.004e-05,0.00028,0.0008566,-2.614e-06,-0.007281,0.01069,0.0001551,0.001073,-5.014e-05,0.0009385,-2.155e-05,0.0009904,0.0
306,0.003181,5.784e-05,0.0001344,0.0002989,-6.421e-05,0.0002756,0.0009149,-2.478e-05,-0.007291,0.01088,0.0001345,0.001084,-2.269e-05,0.0009296,-6.451e-05,0.0009905,0.0
307,0.003276,3.268e-06,0.0001443,0.0003043,-5.554e-05,0.0002547,0.0008915,-3.167e-05,-0.007379,0.01085,9.296e-05,0.001101,-5.087e-05,0.0009628,-5.599e-05,0.0009878,0.0
308,0.003187,0.000156,0.0001108,0.0003085,-2.715e-05,0.0002309,0.0008559,-2.357e-05,-0.007421,0.01091,0.0001615,0.001047,-1.662e-05,0.000929,-4.695e-05,0.0009495,0.0
309,0.003415,4.705e-05,9.486e-05,0.0003053,3.293e-05,0.0002116,0.0008511,-3.061e-05,-0.007359,0.0109,9.897e-05,0.001068,-6.3e-06,0.0009291,-4.975e-05,0.0009264,0.0
310,0.003556,-2.157e-05,0.0001058,0.000303,5.243e-05,0.0001908,0.000797,-3.698e-07,-0.007783,0.01113,7.012e-05,0.001076,5.425e-05,0.0009086,-9.717e-05,0.0009394,0.0
311,0.00366,-2.975e-05,0.0001704,0.0002854,5.95e-05,0.0001872,0.0008046,-1.393e-05,-0.007729,0.01121,7.84e-05,0.001079,5.152e-05,0.0009067,-6.196e-05,0.0009292,0.0
312,0.003606,-0.0001163,0.0001265,0.0002998,0.0001065,0.000188,0.0008159,-1.187e-05,-0.007769,0.01131,8.568e-05,0.001077,0.00011,0.0008985,-0.0001143,0.0009755,0.0
313,0.003476,-0.0002438,0.0001071,0.0002852,0.0001726,0.000169,0.0008281,-1.782e-05,-0.007756,0.01149,4.663e-05,0.001093,0.0001466,0.0008787,-0.0001324,0.0009713,0.0
314,0.003193,-0.0001911,5.519e-05,0.0002969,0.0001588,0.0001899,0.0008144,-1.27e-05,-0.007987,0.01156,4.811e-05,0.00108,0.000142,0.000881,-6.849e-05,0.0009404,0.0
315,0.002929,-0.000248,4.197e-05,0.0002969,0.0001632,0.0001853,0.0008144,3.795e-06,-0.007838,0.01152,2.478e-05,0.001098,9.818e-05,0.0009194,-3.759e-05,0.0009054,0.0
316,0.003021,-0.0002812,4.058e-05,0.0002792,9.071e-05,0.0002075,0.0008128,1.987e-06,-0.007752,0.01146,5.09e-05,0.001085,6.357e-05,0.0009401,-8.638e-05,0.0009306,0.0
317,0.003088,-0.0002503,4.561e-05,0.0002653,5.053e-05,0.0001949,0.0008212,1.505e-05,-0.007907,0.01149,1.153e-05,0.001099,8.475e-05,0.0009485,-0.0001235,0.0009422,0.0
318,0.003319,-0.0002831,0.0001268,0.0002319,4.601e-05,0.0001946,0.0008209,3.374e-05,-0.007754,0.01146,5.303e-05,0.001062,9.892e-05,0.0009317,-0.0001067,0.0009266,0.0
319,0.003788,-0.0003502,0.0001733,0.0002185,3.378e-05,0.0001987,0.0008592,1.588e-05,-0.007546,0.01145,8.973e-05,0.001032,3.581e-05,0.0009451,-8.982e-05,0.0009065,0.0
320,0.003934,-0.0002828,0.0002787,0.0001792,-3.052e-05,0.0002269,0.0008864,-2.29e-05,-0.007444,0.01146,5.39e-05,0.001054,5.612e-05,0.0009436,-8.37e-05,0.0009129,0.0
321,0.003877,-0.000306,0.0002564,0.0001715,-2.266e-05,0.0002172,0.0009268,-5.203e-05,-0.007533,0.01157,5.961e-05,0.001058,6.325e-05,0.0009423,-6.137e-05,0.0009255,0.0
322,0.004162,-0.0003076,0.0003291,0.0001617,3.017e-05,0.0001791,0.000918,-6.058e-05,-0.00763,0.01165,4.745e-05,0.001042,9.647e-05,0.0009231,-3.698e-05,0.000908,0.0
323,0.004731,-0.000439,0.0003431,0.0001509,1.951e-05,0.0002054,0.0008536,-5.142e-05,-0.007139,0.01141,7.425e-05,0.001054,8.484e-05,0.0009232,-5.011e-05,0.0009247,0.0
324,0.004726,-0.0003259,0.0003212,0.0001643,0.0001075,0.00018,0.0008809,-7.035e-05,-0.006607,0.01131,0.0001492,0.001009,7.101e-05,0.0009116,2.119e-06,0.0009012,0.0
325,0.004678,-0.0004082,0.0003508,0.0001366,0.0001126,0.0002055,0.0008712,-7.402e-05,-0.006244,0.01106,0.0001037,0.001014,7.103e-05,0.0009264,-6.714e-06,0.0009039,0.0
326,0.004622,-0.0002848,0.0003027,0.0001423,9.083e-05,0.0002263,0.0008418,-7.112e-05,-0.006553,0.01109,0.0001192,0.001016,6.719e-05,0.0009408,2.971e-05,0.0009117,0.0
327,0.00467,-0.0004608,0.0003095,0.0001271,6.656e-05,0.000237,0.0008521,-7.731e-05,-0.006184,0.01073,0.0001462,0.000999,5.303e-05,0.0009465,2.017e-05,0.0009272,0.0
328,0.004762,-0.0005176,0.0003116,0.0001094,8.626e-05,0.0002597,0.000844,-7.493e-05,-0.005898,0.01056,0.0001854,0.0009688,1.524e-05,0.0009712,-2.048e-05,0.0009893,0.0
329,0.004877,-0.0005706,0.0003057,0.0001024,9.85e-05,0.0002735,0.0008039,-7.046e-05,-0.005763,0.0104,0.0002078,0.0009345,-4.553e-05,0.001005,-5.306e-05,0.001015,0.0
330,0.005272,-0.0006065,0.0003387,6.722e-05,8.241e-05,0.0002636,0.0008196,-7.384e-05,-0.005719,0.01019,0.000257,0.000931,-5.722e-05,0.001003,-1.214e-05,0.0009851,0.0
331,0.005276,-0.0004785,0.0002941,7.79e-05,4.01e-05,0.0002704,0.0008433,-9.107e-05,-0.00553,0.009952,0.0002554,0.0009277,-0.0001004,0.001029,-1.976e-05,0.0009827,0.0
332,0.005401,-0.0004803,0.000326,7.224e-05,3.815e-05,0.0002886,0.0008123,-7.814e-05,-0.005585,0.009945,0.0002656,0.0009347,-7.884e-05,0.001018,-5.2e-05,0.001016,0.0
333,0.005045,-0.0003821,0.0003898,5.699e-05,2.436e-05,0.00028,0.0007672,-6.397e-05,-0.005578,0.01008,0.0002833,0.0009304,-0.0001079,0.00103,-1.69e-05,0.000998,0.0
334,0.004863,-0.0002304,0.0004308,2.962e-05,4.302e-05,0.0002778,0.0008095,-8.258e-05,-0.005607,0.01012,0.0003033,0.0009279,-0.0001325,0.001054,7.26e-06,0.0009972,0.0
335,0.004587,-0.0001771,0.0004319,1.298e-05,6.435e-05,0.0002715,0.0007562,-7.049e-05,-0.00564,0.00999,0.0002885,0.0009492,-0.0001658,0.001059,4.303e-05,0.0009624,0.0
336,0.004856,-0.0003362,0.0004234,1.133e-05,2.114e-05,0.0003051,0.0007332,-5.949e-05,-0.005893,0.0102,0.0003505,0.0009312,-0.000113,0.001014,-4.429e-06,0.0009823,0.0
337,0.004846,-0.000312,0.000374,1.03e-05,-8.937e-06,0.0003396,0.0007084,-4.515e-05,-0.005876,0.01003,0.0004179,0.0008871,-0.00014,0.001018,1.416e-05,0.0009701,0.0
338,0.00492,-0.0002574,0.0003831,-4.987e-06,-1.285e-05,0.0003393,0.0006887,-4.286e-05,-0.005937,0.009965,0.0004511,0.0008874,-9.821e-05,0.000997,-3.037e-06,0.001024,0.0
339,0.004607,-0.0001091,0.0004095,-1.6e-05,-1.341e-05,0.0003447,0.0007267,-3.872e-05,-0.005562,0.009661,0.0004219,0.0009009,-6.268e-05,0.0009868,1.378e-05,0.001032,0.0
340,0.004734,-0.00016,0.0004002,-1.39e-05,-0.0001003,0.0003727,0.000774,-5.221e-05,-0.005283,0.009486,0.0004364,0.0008794,-6.025e-05,0.000988,1.989e-05,0.001033,0.0
341,0.004716,-4.56e-05,0.0003656,-1.458e-05,-6.956e-05,0.0003714,0.0007389,-3.651e-05,-0.005511,0.009467,0.0004536,0.0008617,-9.763e-05,0.001008,-4.102e-05,0.001083,0.0
342,0.005183,-0.0001022,0.0003721,-5.944e-06,-9.215e-05,0.0003911,0.0007194,-2.462e-05,-0.005901,0.009732,0.0004474,0.0008693,-0.0001171,0.001014,-9.34e-07,0.001053,0.0
343,0.005444,4.664e-05,0.0003809,5.981e-06,-3.179e-05,0.0003724,0.0007083,-2.287e-05,-0.005999,0.009805,0.0004561,0.0008734,-0.0001001,0.00101,-5.17e-05,0.001083,0.0
344,0.005637,7.909e-05,0.0003105,2.87e-05,-8.736e-05,0.0003946,0.0006635,-1.834e-05,-0.006243,0.009919,0.0005229,0.0008594,-0.0001288,0.001033,-7.567e-05,0.001085,0.0
345,0.005378,0.0001515,0.0003416,2.958e-05,-5.026e-05,0.00041,0.0006883,-2.746e-05,-0.006277,0.0099,0.0005028,0.0008981,-0.000128,0.001042,-0.0001056,0.001093,0.0
346,0.005238,0.0001807,0.0003242,5.118e-05,-7.235e-05,0.0003985,0.0006992,-3.549e-05,-0.006394,0.01003,0.0004804,0.0009531,-0.0001095,0.00103,-7.557e-05,0.001071,0.0
